6677192980	Ximena Nguyen	40797 21188 23106 16485
9595834682	Jade Owens	31490 16485 40797 40893
8106486356	Logan Usher	21188 31093 31490 62212
5661767463	Bailey Kennedy	23106 16485 40893 62212
1587916605	Nora Morris	40893 26641 21188 62212
4354125655	Wyatt Hughes	53004 26641 31490 40893
2926955250	Keira Zimmerman	31490 40893 31093 21188
2873801631	Liam Walker	40893 62212 31490 26641
8223650508	Dana Roberts	40797 26641 31093 31490
5571521528	Quinn Ingram	31093 62212 26641 31490
1727747960	Blake Iverson	40797 23106 53004 31490
5669119402	Kyle Thompson	40893 23106 26641 31490
5792944411	Faith Nelson	53004 23106 16485 26641
1619758602	Ian Xiong	31093 40893 31490 53004
7852961496	Preston Ramirez	31490 40797 31093 53004
8962007750	Alex Underwood	40797 53004 23106 26641
3948668428	Sophia Diaz	26641 31490 16485 62212
6169005291	Tyler Turner	23106 21188 26641 40893
1286610903	Isaac Garcia	53004 62212 16485 40893
6070539985	Mason West	40893 26641 31490 16485
2886846152	Naomi Shaw	26641 62212 31093 16485
9474974108	Uma Klein	31490 23106 26641 40797
7427393157	Ulysses Fleming	31490 62212 21188 40893
9871324975	Yara Adams	23106 31490 26641 40797
3908059685	Trent Jacobs	31093 62212 53004 26641
1372525550	Dylan Bryant	40893 40797 31490 26641
7612811034	Xander Evans	21188 23106 26641 31093
7665571349	Zara Johnson	31490 53004 62212 26641
6597174387	Fiona Quincy	16485 31093 62212 26641
7890416413	Vera Vargas	31490 26641 62212 21188
1254434073	Owen Patel	53004 26641 21188 16485
9713524173	Piper Clark	31490 40893 21188 26641
9580899584	Mia Foster	21188 26641 62212 23106
9425643749	Chloe Zuniga	21188 23106 40797 31490
5192611609	Eli Ortega	23106 31490 16485 21188
3491814757	Olivia Vaughn	40893 40797 31093 53004
7334250023	Ethan Lewis	26641 31490 21188 53004
8846102919	Cameron Lawson	23106 40893 21188 16485
4731284117	Violet Stewart	31490 62212 16485 40893
5302393071	Sienna Edwards	21188 53004 62212 26641
2867090337	Gavin Davis	31093 16485 31490 62212
9673950285	Zane Baker	62212 40797 40893 31093
8495524557	Ava Xu	23106 16485 31490 21188
5123749507	Ronan Hill	40797 16485 21188 31093
4874911325	Jasper Anderson	31093 40797 23106 16485
3231474704	Wesley Parker	31093 40797 21188 40893
9770270159	Riley Mitchell	53004 16485 62212 21188
2137654256	George Grant	31490 40893 21188 62212
1712003666	Hazel Collins	53004 26641 62212 16485
5512204941	Harper Young	53004 23106 31490 31093